| Fuente de lineas
| PHREDA
| dibujo de fuentes: MCORNES
|--------------------------------
^r4/lib/graf.txt
^r4/lib/polygr.txt

#car0 ( -111 -94 85 76 -107 -92 0 )
#car1 ( -119 -6 -15 -68 89 -4 -15 60 -119 -4 -69 -15 -36 41 -4 -15 28 -71 -4 0 )
#car2 ( -111 -94 -79 -116 -111 -6 49 -116 -111 82 113 -68 -47 122 113 20 81 122 113 100 0 )
#car3 ( -111 -6 -92 -54 -43 -94 -4 11 93 51 84 0 )
#car4 ( -111 -6 -92 -35 -111 -46 -67 17 82 -12 93 17 34 61 0 )
#car5 ( -39 -94 -83 -111 -76 -28 -87 -4 -35 17 82 -12 61 81 20 57 36 19 61 81 52 84 0 )
#car6 ( -111 -94 -12 -35 89 -6 21 84 34 61 0 )
#car7 ( -47 -54 -76 -23 -92 29 49 -76 -44 25 -28 -19 -47 -44 0 )
#car8 ( -87 -30 61 -15 -70 20 -87 58 61 0 )
#car9 ( -111 -6 -92 -67 -47 -68 -4 19 76 93 0 )
#car10 ( -111 -86 -47 -4 17 -92 9 -6 93 51 76 0 )
#car11 ( -15 -118 -4 -115 0 )
#car12 ( -119 -6 -11 124 0 )
#car13 ( 121 -6 -11 124 0 )
#car14 ( 121 -6 -11 -116 0 )
#car15 ( -15 -118 124 -119 -6 125 0 )
#car16 ( 0 )
#car17 ( -119 -70 125 0 )
#car18 ( -119 -6 125 0 )
#car19 ( -119 58 125 0 )
#car20 ( -119 122 125 0 )
#car21 ( -15 -118 124 -6 125 0 )
#car22 ( -15 122 -116 -6 -115 0 )
#car23 ( -119 -6 125 -13 -116 0 )
#car24 ( -119 -6 125 -13 124 0 )
#car25 ( -15 122 -116 0 )
#car26 ( 89 -46 -119 -4 89 36 -119 74 93 0 )
#car27 ( -119 -54 89 -4 -119 36 74 93 0 )
#car28 ( -119 -30 93 -77 84 49 -30 84 0 )
#car29 ( -87 -30 93 -87 34 93 -55 74 57 -68 0 )
#car30 ( 89 -70 77 57 -92 -19 -47 -76 60 -23 76 61 81 60 -87 -30 -3 -47 58 -75 -87 76 -115 0 )
#car31 ( -23 -6 29 0 )
#car32 ( 0 )
#car33 ( -15 74 84 34 -92 0 )
#car34 ( -47 -94 -52 49 -94 -52 65 -62 0 )
#car35 ( -47 58 -68 49 58 -68 89 -30 -83 89 18 -83 0 )
#car36 ( -31 -94 76 57 -70 -51 -73 -50 -28 -10 -49 29 55 14 36 54 31 -83 1 74 -92 0 )
#car37 ( -79 74 89 -92 -15 -70 -50 -33 -51 -73 -66 -76 -90 -49 -35 -9 -66 81 58 78 63 45 23 62 52 38 47 61 87 62 0 )
#car38 ( 81 74 -79 -20 -63 -52 -3 17 -20 -87 36 60 -47 76 21 73 28 0 )
#car39 ( -15 -94 -52 0 )
#car40 ( 49 -94 -87 6 49 78 0 )
#car41 ( -47 -94 89 6 -47 78 0 )
#car42 ( -47 -94 49 -12 -45 49 -92 -87 -54 93 0 )
#car43 ( -15 -46 36 57 -6 -83 0 )
#car44 ( 25 58 -79 100 0 )
#car45 ( 57 -6 -83 0 )
#car46 ( -15 58 100 -55 74 29 0 )
#car47 ( -111 66 89 -84 0 )
#car48 ( -94 81 -44 36 1 76 -79 36 -52 1 -92 0 )
#car49 ( -79 -54 -15 -92 76 -85 61 0 )
#car50 ( 89 74 -75 81 -28 -92 -59 -79 -52 0 )
#car51 ( -87 -94 85 -68 -15 -12 61 87 14 60 78 63 -51 -79 60 0 )
#car52 ( 49 74 -92 -79 -4 36 93 0 )
#car53 ( 89 -94 -75 -12 -35 -23 -28 61 87 -2 60 78 63 -51 -87 60 0 )
#car54 ( 57 -94 -19 -79 -52 28 10 -23 -12 61 87 14 60 78 63 -51 -73 30 0 )
#car55 ( -87 -94 85 -76 -55 76 0 )
#car56 ( -55 -94 61 81 -76 -28 57 -4 -51 -79 -28 -76 -55 -92 57 -6 81 12 60 57 76 -51 -79 60 12 -55 -4 0 )
#car57 ( 81 -38 25 -4 -51 -79 -28 -68 -55 -92 61 81 -76 36 25 76 -51 0 )
#car58 ( 25 -30 -51 -15 -6 -52 98 52 -55 74 29 0 )
#car59 ( -15 -54 -4 -55 -30 29 58 -43 -87 100 25 60 0 )
#car60 ( 89 82 -55 -4 89 -92 0 )
#car61 ( -87 -30 93 34 -83 0 )
#car62 ( -87 74 57 -4 -87 -92 -7 74 0 )
#car63 ( 17 82 76 42 12 81 -28 -68 57 -92 -51 -79 -52 0 )
#car64 ( 81 -30 13 -15 -12 12 17 36 33 12 85 34 -76 57 -100 -59 -79 -76 60 -55 76 61 0 )
#car65 ( -79 74 -52 1 -92 81 -52 76 -79 10 85 0 )
#car66 ( -79 74 -92 29 81 -52 25 -12 81 36 17 76 -75 -14 29 0 )
#car67 ( 81 -70 57 -92 -51 -79 -68 60 -55 76 61 81 60 0 )
#car68 ( -79 74 -92 29 65 -82 81 -50 28 65 78 31 -75 0 )
#car69 ( -79 -6 29 89 -94 -75 76 93 1 2 0 )
#car70 ( -79 -6 29 -79 74 -92 93 1 2 0 )
#car71 ( 81 -70 57 -92 -59 -79 -76 60 -55 76 29 81 44 12 13 81 42 76 0 )
#car72 ( -79 -6 85 -79 74 -92 81 74 -92 0 )
#car73 ( -15 -94 76 -87 -94 61 -87 74 61 0 )
#car74 ( 121 -94 -27 53 60 25 76 -51 -79 60 0 )
#car75 ( -79 74 -92 -6 -27 81 -100 -31 -6 81 76 0 )
#car76 ( -79 -94 76 93 0 )
#car77 ( -111 74 -92 -15 4 81 -92 76 0 )
#car78 ( -79 74 -92 -70 81 36 -94 76 0 )
#car79 ( -55 -94 61 81 -68 60 57 76 -51 -79 60 -76 -55 -92 0 )
#car80 ( -79 74 -92 61 81 -76 -28 57 -12 -75 0 )
#car81 ( 57 74 -51 -79 60 -76 -55 -92 61 81 -76 60 49 76 -23 34 89 100 0 )
#car82 ( -79 74 -92 61 81 -76 -28 57 -12 -75 -45 81 76 0 )
#car83 ( 81 -70 57 -92 -51 -79 -76 -28 -55 -12 61 81 12 60 57 76 -51 -79 60 0 )
#car84 ( -119 -94 93 -13 76 0 )
#car85 ( -79 -94 60 -55 76 61 81 60 -92 0 )
#car86 ( -119 -94 -15 76 89 -92 0 )
#car87 ( -111 -94 60 -79 76 -15 36 -4 34 49 76 81 52 -92 0 )
#car88 ( -119 -94 89 76 -117 89 -84 0 )
#car89 ( -119 -86 -15 -4 89 -84 -15 -6 76 0 )
#car90 ( -87 -94 85 -68 -79 36 76 93 0 )
#car91 ( 57 -94 -43 76 61 0 )
#car92 ( -111 -86 81 68 0 )
#car93 ( -87 -94 21 76 -83 0 )
#car94 ( -87 -54 -15 -92 57 -52 0 )
#car95 ( -119 98 93 0 )
#car96 ( -23 -118 25 -92 0 )
#car97 ( 81 74 -12 -26 63 -51 81 34 78 23 -51 -81 46 14 -41 85 0 )
#car98 ( -79 74 -92 18 -26 -25 37 87 14 44 78 39 -27 -73 38 0 )
#car99 ( 81 50 60 78 71 -51 -73 54 -12 -26 -49 69 87 -2 0 )
#car100 ( -79 -14 -26 -57 37 87 -2 52 78 55 -59 -73 54 -12 81 82 -100 0 )
#car101 ( -71 10 85 -26 55 -59 -73 6 60 78 -57 69 87 54 0 )
#car102 ( -87 -6 61 -47 74 -68 -90 -25 69 87 -58 0 )
#car103 ( 89 -30 77 49 -12 20 25 36 -51 -79 20 -12 -55 -28 29 49 -12 -55 34 -79 60 -55 76 61 81 100 57 116 -51 -79 100 0 )
#car104 ( 81 82 -12 57 -28 -19 -79 20 82 -92 0 )
#car105 ( -15 74 -28 -87 74 61 -55 -30 -11 -23 -78 -3 0 )
#car106 ( 9 -30 53 100 118 31 -51 -73 94 76 41 -78 61 0 )
#car107 ( -79 74 -92 10 -3 57 -44 -7 10 81 76 0 )
#car108 ( -15 74 -92 -87 74 61 -55 -94 -11 0 )
#car109 ( -111 74 -28 -27 -9 62 -26 7 61 87 -2 76 0 )
#car110 ( -79 74 -28 2 -31 -28 61 87 -2 76 0 )
#car111 ( -63 -30 61 87 -10 60 78 63 -51 -73 62 -12 -26 -49 0 )
#car112 ( -79 122 -28 10 -26 -25 45 87 6 28 62 47 -19 -73 14 0 )
#car113 ( 81 122 -28 10 62 31 -51 -73 38 4 -26 -49 29 87 14 0 )
#car114 ( -47 74 -4 -87 -30 -67 -41 6 -6 -26 -9 61 87 -2 0 )
#car115 ( 89 -6 57 -28 -51 -87 -4 -55 20 13 61 89 52 57 76 -51 -87 60 0 )
#car116 ( -47 -70 52 78 -17 61 87 54 -87 -30 61 0 )
#car117 ( -79 -30 60 78 -49 29 55 54 -28 42 78 95 0 )
#car118 ( -79 -30 12 -15 76 49 12 -28 0 )
#car119 ( -111 -30 60 -79 76 -15 36 4 34 41 76 81 60 -36 0 )
#car120 ( -79 -30 81 76 -77 81 -28 0 )
#car121 ( -79 -30 36 54 -49 29 81 36 -30 100 118 63 -59 -73 102 0 )
#car122 ( -87 -30 93 -87 76 93 0 )
#car123 ( 89 -94 13 -15 -68 -52 17 -28 -15 -4 17 20 -15 36 60 9 76 93 -55 -6 -3 0 )
#car124 ( -15 -94 76 0 )
#car125 ( -87 -94 -3 17 -76 -44 -23 -28 17 -4 -23 12 17 36 60 -7 76 -83 17 -6 61 0 )
#car126 ( -79 -54 -68 -55 -92 -35 9 -52 29 49 -68 -92 0 )
#car127 ( 0 )
#car128 ( -15 -86 -100 -54 84 0 )
#car129 ( 49 -54 25 -68 -51 -79 -44 20 -55 36 29 49 12 -15 -94 60 0 )
#car130 ( 81 -70 57 -92 -19 -47 -76 52 -23 76 61 81 60 -87 -30 -3 -47 50 -71 76 -115 0 )
#car131 ( -47 -30 53 36 -43 -28 -87 -52 49 -30 89 -52 49 34 89 60 -47 34 -87 60 0 )
#car132 ( -15 74 -4 -87 34 61 -87 -6 61 -13 89 -108 -15 -6 -127 -100 0 )
#car133 ( -15 -94 -28 10 84 0 )
#car134 ( 49 -94 1 -116 -47 -84 49 -12 1 20 -47 -12 1 -44 18 49 52 1 84 -47 60 0 )
#car135 ( -47 -118 -92 49 -118 -92 0 )
#car136 ( 81 -78 25 -116 -51 -111 -68 20 -55 52 29 81 12 -76 17 -54 -15 -68 -47 -52 -4 -15 12 17 -12 0 )
#car137 ( -55 -94 29 49 -76 -12 -51 -79 -28 -55 -52 53 57 34 -83 0 )
#car138 ( 81 -70 -15 -4 81 52 -15 -70 -111 -4 -15 52 0 )
#car139 ( -87 -6 85 60 0 )
#car140 ( -55 -6 61 0 )
#car141 ( 81 -70 25 -116 -51 -111 -68 20 -55 52 29 81 12 -68 -47 10 -52 -15 -76 17 -52 -28 -39 -12 17 12 0 )
#car142 ( -87 -94 93 0 )
#car143 ( -47 -46 -76 -23 -92 29 49 -76 -44 25 -28 -19 -47 -44 0 )
#car144 ( -87 -30 61 -15 10 -68 -87 58 61 0 )
#car145 ( 25 -6 -75 -28 17 -68 -92 -7 -116 -51 -79 -92 0 )
#car146 ( -79 -30 -55 -12 -3 17 -28 -52 -23 -68 17 -92 -7 -116 -51 -79 -100 0 )
#car147 ( -23 -94 25 -116 0 )
#car148 ( -79 -30 100 42 -23 76 29 81 52 -30 76 0 )
#car149 ( 89 -94 -51 -79 -68 -28 -15 -4 -94 76 49 -86 76 0 )
#car150 ( -23 -6 29 0 )
#car151 ( 17 98 124 -19 0 )
#car152 ( -87 -94 -47 -116 -12 -87 -6 -3 0 )
#car153 ( -87 10 29 -7 -30 -51 -79 -44 -68 -55 -92 -3 17 -68 -44 -7 -28 0 )
#car154 ( -111 -70 -15 -4 -119 60 -15 -70 81 -4 -23 60 0 )
#car155 ( -119 -94 -79 -116 -12 -119 -6 -35 -15 34 81 -28 76 45 25 52 -11 36 0 )
#car156 ( -119 -94 -79 -116 -12 -117 -3 9 -28 61 81 -12 20 -15 60 76 93 0 )
#car157 ( -111 -94 -87 -116 -35 -15 -92 -55 -68 -15 -52 -28 -39 -12 -83 -111 -28 -15 34 81 -28 76 45 25 60 -11 36 0 )
#car158 ( -15 -102 -84 -54 -28 -79 12 60 -55 76 61 81 60 36 0 )
#car159 ( -79 82 -12 1 -52 81 -12 84 -79 34 85 -23 -118 25 -92 0 )
#car160 ( -103 -94 101 -103 -30 101 -103 34 101 -103 98 101 0 )
#car161 ( -15 -102 -84 -54 84 0 )
#car162 ( 57 -54 45 25 -76 -51 -79 -52 20 -55 36 29 41 12 61 -15 -94 60 0 )
#car163 ( 89 -70 77 57 -92 -19 -47 -76 52 -23 76 61 73 60 93 -87 -30 -3 -47 50 -79 60 76 -115 0 )
#car164 ( -47 -30 53 36 -43 -28 -87 -52 49 -30 89 -52 49 34 89 60 -47 34 -87 60 0 )
#car165 ( -111 -94 -68 -15 -4 76 -6 81 -68 -92 -87 -6 61 -87 34 61 0 )
#car166 ( -15 -94 -28 18 84 0 )
#car167 ( 49 -94 1 -116 -47 -76 49 -12 1 20 -47 -12 1 -44 18 49 52 1 84 -47 52 0 )
#car168 ( -47 -118 -92 49 -118 -92 0 )
#car169 ( 25 -54 21 -7 -68 -19 -47 -44 -4 -23 12 -3 17 -4 29 81 10 -76 25 -108 -51 -111 -68 20 -55 52 29 81 12 0 )
#car170 ( 49 -54 -51 -87 -28 -55 -12 53 -68 25 -92 -51 -87 34 61 0 )
#car171 ( -7 -70 -119 -4 -7 60 89 -70 -23 -4 89 60 0 )
#car172 ( -87 -6 85 60 0 )
#car173 ( -55 -6 61 0 )
#car174 ( -47 18 -52 -15 -76 17 -52 -28 -47 -12 49 36 81 20 -68 25 -116 -51 -111 -76 20 -55 60 29 49 36 0 )
#car175 ( -87 -94 93 0 )
#car176 ( -47 -46 -76 -23 -92 29 49 -76 -44 25 -28 -19 -47 -44 0 )
#car177 ( -87 -30 61 -15 -78 20 -87 58 61 0 )
#car178 ( -87 -94 -67 -55 -108 -3 17 -92 -68 -7 -52 -51 -79 -28 -12 29 0 )
#car179 ( -87 -94 -67 -55 -116 -3 17 -92 -23 -68 17 -52 -28 -7 -12 -51 -71 -28 -83 0 )
#car180 ( -23 -94 25 -116 0 )
#car181 ( -79 -30 100 58 -35 -23 76 29 41 60 81 52 -30 84 0 )
#car182 ( 89 -94 -51 -87 -44 -15 -4 82 -92 51 84 0 )
#car183 ( -23 -6 29 0 )
#car184 ( -23 122 21 100 0 )
#car185 ( -47 -118 -12 -87 -6 -3 -87 -94 -43 0 )
#car186 ( -79 -46 -76 -55 -92 -3 17 -76 -44 -7 -28 -51 -79 -44 -87 10 29 0 )
#car187 ( -119 -78 -15 -4 -119 60 -23 -70 89 -4 -23 60 0 )
#car188 ( -79 -118 -12 -117 -35 -119 -94 -75 -15 34 81 -28 76 45 25 60 -11 36 0 )
#car189 ( -119 -6 -3 9 -28 61 81 -12 20 57 36 13 -15 52 76 93 -79 -6 -116 -94 -115 -7 74 0 )
#car190 ( -119 -94 -99 -87 -116 -35 -7 -92 -55 -68 -15 -52 -28 -39 -12 -83 -111 -28 -15 34 81 -28 76 45 25 52 -11 36 0 )
#car191 ( -15 -102 -84 -54 -28 -79 12 60 -55 76 61 81 60 36 0 )
#car192 ( -79 82 -12 1 -52 81 -12 84 -79 34 85 -23 -118 25 -92 0 )
#car193 ( -79 82 -12 1 -52 81 -12 84 -79 34 85 -23 -94 25 -116 0 )
#car194 ( -79 82 -12 1 -52 81 -12 84 -79 34 85 -55 -94 -35 -23 -116 29 41 -92 61 0 )
#car195 ( -79 82 -12 1 -52 81 -12 84 -79 34 85 -87 -94 -67 -55 -116 -3 9 -92 61 73 -116 93 0 )
#car196 ( -79 82 -12 1 -52 81 -12 84 -79 34 85 -47 -94 -116 49 -94 -116 0 )
#car197 ( -79 82 -12 1 -52 81 -12 84 -79 34 85 -23 -78 -47 -92 -23 -116 29 49 -92 25 -76 -19 0 )
#car198 ( -111 74 -68 -87 -92 -35 -15 -76 76 93 -15 -78 9 -92 93 -15 -6 61 -111 10 -11 0 )
#car199 ( 89 -70 77 57 -92 -51 -79 -68 60 -55 76 61 73 60 93 41 74 -15 124 0 )
#car200 ( -23 -118 25 -92 89 -54 -75 76 93 -79 10 29 0 )
#car201 ( -23 -94 25 -116 89 -54 -75 76 93 -79 10 29 0 )
#car202 ( -55 -94 -35 -23 -116 29 41 -92 61 89 -54 -75 76 93 -79 10 29 0 )
#car203 ( -47 -118 -92 49 -118 -92 89 -54 -75 76 93 -79 10 29 0 )
#car204 ( -55 -118 -7 -92 -87 -54 61 -87 74 61 -15 -54 76 0 )
#car205 ( -23 -94 25 -116 -87 -54 61 -87 74 61 -15 -54 76 0 )
#car206 ( -55 -94 -35 -23 -108 29 41 -92 61 -87 -54 61 -87 74 61 -15 -54 76 0 )
#car207 ( -79 -118 -92 49 -118 -92 -87 -54 61 -87 74 61 -15 -54 76 0 )
#car208 ( -79 74 -92 29 81 -44 36 25 76 -75 -119 -6 -35 0 )
#car209 ( -119 -94 -99 -95 -116 -35 -23 -92 29 41 -116 61 -111 82 -52 81 76 -52 0 )
#car210 ( -55 -118 -7 -92 -87 -54 61 81 -28 60 57 76 -83 -111 60 -28 -87 -52 0 )
#car211 ( -23 -94 25 -116 -87 -54 61 81 -28 60 57 76 -83 -111 60 -28 -87 -52 0 )
#car212 ( -55 -94 -35 -23 -116 29 33 -92 61 -87 -54 61 81 -28 60 57 76 -83 -111 60 -28 -87 -52 0 )
#car213 ( -119 -94 -99 -87 -108 -35 -23 -92 29 41 -108 61 -87 -54 61 81 -28 60 57 76 -83 -111 60 -28 -87 -52 0 )
#car214 ( -79 -118 -92 49 -118 -92 -87 -54 61 81 -28 60 57 76 -83 -111 60 -28 -87 -52 0 )
#car215 ( -87 -54 89 60 -54 -87 60 0 )
#car216 ( -55 -94 61 81 -68 60 57 76 -51 -79 60 -68 -55 -92 -87 98 89 -116 0 )
#car217 ( -55 -118 -7 -92 -79 -54 60 -55 76 61 81 60 -52 0 )
#car218 ( -23 -94 25 -116 -79 -54 60 -55 76 61 81 60 -52 0 )
#car219 ( -55 -94 -35 -23 -108 29 33 -92 61 -79 -54 60 -55 76 61 81 60 -52 0 )
#car220 ( -47 -118 -92 49 -118 -92 -79 -54 60 -55 76 61 81 60 -52 0 )
#car221 ( -23 -94 25 -116 -87 -54 -15 12 57 -52 -15 10 84 0 )
#car222 ( -79 10 61 81 -4 -52 57 -68 -75 -94 76 0 )
#car223 ( -79 74 -68 -55 -92 29 49 -76 -44 -23 -4 81 36 60 57 76 -19 0 )
#car224 ( -23 -94 25 -68 81 10 -51 -79 36 60 -55 76 29 81 52 -4 57 -28 -51 81 34 76 0 )
#car225 ( 9 -70 57 -92 81 10 -51 -79 36 60 -55 76 29 81 52 -4 57 -28 -51 81 26 76 0 )
#car226 ( -55 -70 -35 -31 -92 29 41 -68 69 81 10 -51 -79 36 60 -55 76 29 81 52 -4 57 -28 -51 81 34 76 0 )
#car227 ( -87 -70 -67 -55 -92 -3 9 -68 61 65 -92 93 81 10 -51 -79 36 60 -55 76 29 81 52 -4 57 -28 -51 81 2 76 0 )
#car228 ( -47 -94 -68 49 -94 -68 81 10 -51 -79 36 60 -55 76 29 81 52 -6 57 -28 -51 81 -6 76 0 )
#car229 ( -47 -94 -23 -116 21 41 -92 25 -68 -19 -47 -92 81 10 -51 -79 36 60 -55 76 29 81 52 -4 57 -28 -51 81 10 76 0 )
#car230 ( -87 -30 -35 -15 -12 60 -39 76 -83 -111 60 36 -87 12 61 81 -4 57 -28 13 -15 -12 58 9 76 61 73 60 93 0 )
#car231 ( 81 -6 57 -28 -51 -79 -4 60 -55 76 61 81 52 33 74 -23 124 0 )
#car232 ( -23 -94 25 -68 -79 10 85 -12 57 -28 -51 -79 -4 60 -55 76 61 81 60 0 )
#car233 ( -23 -70 25 -92 -79 10 85 -12 57 -28 -51 -79 -4 60 -55 76 61 81 60 0 )
#car234 ( -55 -70 -35 -23 -92 29 41 -68 57 -76 -79 10 85 -12 57 -28 -51 -79 -4 60 -55 76 61 81 60 0 )
#car235 ( -47 -94 -68 49 -94 -68 -79 10 85 -12 57 -28 -51 -79 -4 60 -55 76 61 81 60 0 )
#car236 ( -55 -94 -7 -68 -55 -30 -11 76 -85 61 0 )
#car237 ( -55 -70 -7 -92 -55 -30 -11 76 -85 61 0 )
#car238 ( -87 -70 -67 -63 -92 -3 1 -68 29 -55 -30 -11 76 -85 61 0 )
#car239 ( -79 -94 -68 17 -94 -68 -55 -30 -11 76 -85 61 0 )
#car240 ( -47 -70 57 -116 -53 49 -52 -30 81 -4 60 57 76 -51 -79 60 -12 -55 -28 53 0 )
#car241 ( -87 -70 -67 -55 -92 -3 1 -76 61 73 -92 93 -79 -30 76 18 -23 -28 61 81 -12 76 0 )
#car242 ( -55 -94 -7 -68 -55 -30 61 81 -12 60 57 76 -51 -79 60 -12 -55 -28 0 )
#car243 ( -23 -70 25 -92 -55 -30 61 81 -12 60 57 76 -51 -79 60 -12 -55 -28 0 )
#car244 ( -55 -70 -35 -23 -92 29 41 -68 61 -55 -30 61 81 -12 60 57 76 -51 -79 60 -12 -55 -28 0 )
#car245 ( -87 -70 -67 -55 -92 -3 9 -76 61 81 -100 -55 -30 61 81 -12 60 57 76 -51 -79 60 -12 -55 -28 0 )
#car246 ( -47 -94 -68 49 -94 -68 -55 -30 61 81 -12 60 57 76 -51 -79 60 -12 -55 -28 0 )
#car247 ( -15 -78 -44 34 60 -87 -6 61 0 )
#car248 ( -79 98 81 -44 -55 -30 53 81 -12 60 57 76 -43 -79 60 -12 -55 -28 0 )
#car249 ( -55 -94 -7 -68 -79 -30 60 -55 76 29 49 52 -28 50 73 76 93 0 )
#car250 ( -23 -70 25 -92 -79 -30 60 -55 76 29 49 52 -28 50 73 76 93 0 )
#car251 ( -55 -70 -35 -23 -92 29 41 -76 61 -79 -30 60 -55 76 29 49 52 -28 50 73 76 93 0 )
#car252 ( -47 -94 -68 17 -94 -68 -79 -30 60 -55 76 29 49 52 -28 50 73 76 93 0 )
#car253 ( -23 -70 25 -92 -79 -30 36 -55 52 29 81 28 -30 100 57 124 -51 -79 100 0 )
#car254 ( -79 122 -68 18 -55 -4 -35 -23 -28 61 81 -4 52 57 76 -19 -39 60 -51 -79 36 0 )
#car255 ( -47 -94 -68 49 -94 -68 81 -38 100 57 116 -51 -87 100 81 34 45 25 52 -51 -79 36 -28 0 )

#fl1 car0 car1 car2 car3 car4 car5 car6 car7 car8 car9 car10 car11 car12 car13 car14 car15 car16 car17 car18 car19 car20 car21 car22 car23 car24
car25 car26 car27 car28 car29 car30 car31 car32 car33 car34 car35 car36 car37 car38 car39 car40 car41 car42 car43 car44 car45 car46 car47 car48
car49 car50 car51 car52 car53 car54 car55 car56 car57 car58 car59 car60 car61 car62 car63 car64 car65 car66 car67 car68 car69 car70 car71 car72
car73 car74 car75 car76 car77 car78 car79 car80 car81 car82 car83 car84 car85 car86 car87 car88 car89 car90 car91 car92 car93 car94 car95 car96
car97 car98 car99 car100 car101 car102 car103 car104 car105 car106 car107 car108 car109 car110 car111 car112 car113 car114 car115 car116 car117
car118 car119 car120 car121 car122 car123 car124 car125 car126 car127 car128 car129 car130 car131 car132 car133 car134 car135 car136 car137 car138
car139 car140 car141 car142 car143 car144 car145 car146 car147 car148 car149 car150 car151 car152 car153 car154 car155 car156 car157 car158 car159
car160 car161 car162 car163 car164 car165 car166 car167 car168 car169 car170 car171 car172 car173 car174 car175 car176 car177 car178 car179 car180
car181 car182 car183 car184 car185 car186 car187 car188 car189 car190 car191 car192 car193 car194 car195 car196 car197 car198 car199 car200 car201
car202 car203 car204 car205 car206 car207 car208 car209 car210 car211 car212 car213 car214 car215 car216 car217 car218 car219 car220 car221 car222
car223 car224 car225 car226 car227 car228 car229 car230 car231 car232 car233 car234 car235 car236 car237 car238 car239 car240 car241 car242 car243
car244 car245 car246 car247 car248 car249 car250 car251 car252 car253 car254 car255

#sfl1 ( 14 15 14 14 14 14 14 6 11 14 14 15 15 15 15 15 0 15 15 15 15 15 15 15 15 2 15 15 15 11 15 3 4 2 8 11 11 11 11 2 11 11 11 11 10 11 7 14 10 11 11 11 11
11 10 11 10 10 7 11 11 11 11 10 10 10 10 10 10 11 11 10 10 11 15 10 11 14 10 10 10 11 10 10 15 10 15 14 15 15 11 7 14 11 11 15 3 11 10 10 10 10 11 11 10 11
10 10 11 14 10 10 10 10 11 11 11 11 10 14 10 10 11 11 2 11 10 0 2 10 15 11 16 2 6 6 14 11 14 11 7 14 11 6 11 10 10 3 10 11 3 3 11 11 15 15 15 14 10 10 13 2 10
15 11 14 2 6 6 14 11 15 11 7 14 11 6 11 11 11 3 10 11 3 3 11 11 15 15 15 15 10 10 10 10 11 10 10 14 11 11 11 11 11 11 11 11 11 15 15 14 14 14 15 14 11 11 10 10
10 10 11 10 10 10 10 10 11 10 10 14 10 10 10 10 10 11 11 11 11 10 11 10 10 10 11 10 11 10 11 11 11 11 10 10 11 )

#xa #ya #fc
#intw #inth
|-------------------------- dibujo en 8
:b1 xa ya gop ;
:b2 xa ya gline ;
:b3 fc 0? ( xa ya gcp )( xa ya gcurve ) not 'fc ! ;
#fpolid 0 b1 b2 b3
:vdraw8 | addr gro --
	linegr!
	intw 'ccx +!
	inth 'ccy +!
	0 dup toxt 'xa ! dup toyt 'ya ! 'fc !
	( c@+ 1? )(
		dup $1 and? ( 3 >> toxt 'xa )( 3 >> toyt 'ya ) !
		$6 and 2* 'fpolid + @ exec ) 2drop
	intw neg 'ccx +!
	inth neg 'ccy +!
	;

#xcc #ycc
|----------------------- Lineas en 8
:l1 xa ya op ;
:l2 xa ya line ;
:l3 fc 0? ( xa 'xcc ! ya 'ycc ! )( xa ya xcc ycc curve ) not 'fc ! ;
#lpolil 0 l1 l2 l3
:vline8 | adr --
	intw 'ccx +!
	inth 'ccy +!
	0 dup toxt 'xa ! dup toyt 'ya ! 'fc !
	( c@+ 1? )(
		dup $1 and? ( 3 >> toxt 'xa )( 3 >> toyt 'ya ) !
		$6 and 2* 'lpolil + @ exec ) 2drop
	intw neg 'ccx +!
	inth neg 'ccy +!
	;

:charo | c --
	ink@ swap 2 << 'fl1 + @ dup negro 3 vdraw8 swap ink 2 vdraw8 ;

:charsize | c -- cnt
	'sfl1 + c@ 4 + ccw 4 *>> dup 2/ 'intw ! ;

::fontl | lineas --
	wtext cch 2/ 'inth !
	'charo 'charsize setfont
	;
