#:k2asc ( 0 0 49 50 51 52 53 54 55 56 57 48 39 124 0 0
 113 119 101 114 116 121 117 105 111 112 34 43 0 0 97 115
 100 102 103 104 106 107 108 -15 123 92 0 125 122 120 99 118
 98 110 109 44 46 45 0 42 0 32 0 0 0 0 0 0
 0 0 0 0 0 47 0 55 56 57 45 52 53 54 43 49
 50 51 48 46 0 0 60 0 0 0 0 0 0 0 0 0
 0 0 0 0 0 0 0 0 0 0 0 0 0 0 0 0
 0 0 0 0 0 0 0 0 0 0 0 0 0 0 0 0
 )
#:k2ascs ( 0 0 33 64 35 36 37 38 47 40 41 61 63 96 0 0
 81 87 69 82 84 89 85 73 79 80 94 42 0 0 65 83
 68 70 71 72 74 75 76 -47 91 126 0 93 90 88 67 86
 66 78 77 59 58 95 0 42 0 32 0 0 0 0 0 0
 0 0 0 0 0 47 0 55 56 57 45 52 53 54 43 49
 50 51 48 46 0 0 62 0 0 0 0 0 0 0 0 0
 0 0 0 0 0 0 0 0 0 0 0 0 0 0 0 0
 0 0 0 0 0 0 0 0 0 0 0 0 0 0 0 0
 )
#:k2alt ( 0 0 49 50 51 52 53 54 55 56 57 48 39 124 0 0
 113 119 101 114 116 121 117 105 111 112 34 43 0 0 97 115
 100 102 103 104 106 107 108 -15 123 92 0 125 122 120 99 118
 98 110 109 44 46 45 0 42 0 32 0 0 0 0 0 0
 0 0 0 0 0 47 0 55 56 57 45 52 53 54 43 49
 50 51 48 46 0 0 60 0 0 0 0 0 0 0 0 0
 0 0 0 0 0 0 0 0 0 0 0 0 0 0 0 0
 0 0 0 0 0 0 0 0 0 0 0 0 0 0 0 0
 )
