#:k2asc (
0 0
38  |&
233 |é
34  |"
39  |'
40  |(
45  |-
232 |è
95  |_
231 |ç
224 |à
41  |)
61  |=
32 32
97  |a
122 |z
101 |e
114 |r
116 |t
121 |y
117 |u
105 |i
111 |o
112 |p
94  |^
36  |$
0 0
113 |q
115 |s
100 |d
102 |f
103 |g
104 |h
106 |j
107 |k
108 |l
109 |m
249 |ù
145 |²
32
42  |*
119 |w
120 |x
99  |c
118 |v
98  |b
110 |n
44  |,
59  |;
58  |:
33  |!
32
42
32 32 32 32 32 32 32 32 32 32 32 32 32
47
32
55
56
57
45
52
53
54
43
49
50
51
48
46
32
32
60
0 0 0 0 0 0 0 0 0
0 0 0 0 0 0 0 0 0 0 0 0 0 0 0 0
0 0 0 0 0 0 0 0 0 0 0 0 0 0 0 0
)

#:k2ascs (
0 0
49  |1
50  |2
51  |3
52  |4
53  |5
54  |6
55  |7
56  |8
57  |9
48  |0
143 |°
43  |+
0 0
65  |A
90  |Z
69  |E
82  |R
84  |T
89  |Y
85  |U
73  |I
79  |O
80  |P
168 |¨
130  |£
32 32
81  |Q
83  |S
68  |D
70  |F
71  |G
72  |H
74  |J
75  |K
76  |L
77  |M
37  |%
145 |²
32
148 |µ
87  |W
88  |X
67  |C
86  |V
66  |B
78  |N
63  |?
46  |.
47  |/
134 |§
32
42
32 32 32 32 32 32 32 32 32 32 32 32 32
47
32
55
56
57
45
52
53
54
43
49
50
51
48
46
32
32
62
32
0 0 0 0 0 0 0 0
0 0 0 0 0 0 0 0 0 0 0 0 0 0 0 0
0 0 0 0 0 0 0 0 0 0 0 0 0 0 0 0
)

#:k2alt (
0 0
49  |1
50  |2
51  |3
52  |4
53  |5
54  |6
55  |7
56  |8
57  |9
48  |0
143 |°
43  |+
0 0
65  |A
90  |Z
69  |E
82  |R
84  |T
89  |Y
85  |U
73  |I
79  |O
80  |P
168 |¨
130  |£
32 32
81  |Q
83  |S
68  |D
70  |F
71  |G
72  |H
74  |J
75  |K
76  |L
77  |M
37  |%
145 |²
32
148 |µ
87  |W
88  |X
67  |C
86  |V
66  |B
78  |N
63  |?
46  |.
47  |/
134 |§
32
42
32 32 32 32 32 32 32 32 32 32 32 32 32
47
32
55 
56 
57
45 
52 
53 
54 
43 
49
50
51
48
46
32
32
62
32
0 0 0 0 0 0 0 0
0 0 0 0 0 0 0 0 0 0 0 0 0 0 0 0
0 0 0 0 0 0 0 0 0 0 0 0 0 0 0 0
)
